32,32
19,9216
140,1672
156,1705
138,1582
154,1601
159,1605
142,1585
158,1604
131,1662
150,1591
151,1592
145,1688
146,1587
130,1576
147,1588
148,1589
132,1578
134,1579
135,1580
149,1590
133,1657
137,1581
139,1583
155,1602
153,1594
34,8709
8709,8709
44,8709
136,1670
45,8709
152,1593
46,46
4,8709
1587-1587,8221
1688-1688,8221
129,1575
129-163,1575-1574
141,1584
143,1681
144,1586
157,1711
160,1606
161,1722
162,1608
163,1569
163-162,1608-1620
163-164,1574-1740
163-165,1746-1620
164,1740
165,1746
166,1729
167,1726
168,8709
170,1616
171,1614
172,1615
173,1617
174,1553
177,1548
179,1619
180,8226
185,1577
189,1648
190,1548
191,1620
197,1681
199,1611
200,1570
201,1586
207,1556
208,1776
209,1777
210,1778
211,1779
212,1780
213,1781
214,1782
215,1783
216,1784
217,1785
218,33
225,64830
226,64831
230,1555
231,1554
233,58
234,1563
236,1584
237,1644
238,1567
242,1550
243,1748
245,1748
248,1552
249,9999
252,7777
253,8216
253-253,8221
254,8217
254-254,8220
32-225,64830
226-32,64831
255,32
0,32
2,32
3,32
8,32
185,32
205,32